551,98
0,9
0,12
0,10
0,8
0,0
0,63
0,62
0,61
0,60
0,59
0,58
0,57
0,56
0,55
0,54
0,53
0,52
0,51
0,50
0,49
0,48
0,47
0,46
0,45
0,6
0,5
0,1
0,11
0,4
0,2
0,3
0,7
337,1
337,3
337,0
329,1
329,3
329,0
1,2
1,1
1,3
1,0
2,16
2,8
2,5
2,6
2,12
2,13
2,2
2,1
2,9
2,3
2,0
362,1
362,3
362,0
3,6
3,5
3,4
3,3
3,2
3,1
3,0
0,243
0,255
0,254
0,253
0,252
0,251
0,250
0,249
0,248
0,247
0,246
0,245
0,244
0,242
0,241
0,240
0,239
0,238
0,237
0,236
0,235
0,234
0,233
0,232
0,231
0,230
0,229
0,228
0,227
0,226
0,225
0,224
0,223
0,222
0,221
0,220
0,219
0,218
0,217
0,216
0,215
0,214
0,213
0,212
0,211
0,210
0,209
0,208
0,207
0,206
0,205
0,204
0,203
0,202
0,201
0,200
0,199
0,198
0,197
0,196
0,195
0,194
0,193
0,192
340,1
340,3
340,0
1132,11
1132,10
1132,9
1132,1
1132,8
1132,3
1132,0
380,6
4,3
4,2
4,1
4,0
0,313
0,312
0,311
0,301
380,1
380,3
380,0
0,310
0,305
0,308
0,304
0,303
0,302
0,307
0,314
0,300
0,299
0,298
0,297
0,296
0,295
0,294
0,293
0,292
0,291
0,290
0,289
0,288
0,287
0,286
0,285
0,284
0,283
0,282
0,281
0,280
0,279
0,278
0,277
0,276
0,275
0,274
0,273
0,272
0,271
0,270
0,269
0,268
0,267
0,266
0,265
0,264
0,263
0,262
0,261
0,260
0,259
0,258
0,257
0,256
0,319
0,318
0,317
0,309
0,306
0,316
0,315
0,342
0,383
0,382
0,358
0,341
0,356
0,340
0,374
0,355
0,332
0,365
0,331
0,360
0,370
0,343
0,339
0,350
0,321
0,372
0,348
0,320
0,354
0,364
0,367
0,353
0,334
0,357
0,333
0,328
0,363
0,347
0,351
0,338
0,330
0,337
0,345
0,361
0,359
0,336
0,368
0,352
0,329
0,380
0,335
0,346
0,349
0,323
0,327
0,379
0,326
0,325
0,344
0,362
0,324
0,366
0,378
0,447
430,1
430,3
430,0
0,386
0,391
0,437
0,425
0,409
0,390
0,420
0,389
0,410
0,403
0,408
0,388
0,407
0,387
0,401
0,385
0,446
0,443
0,417
0,436
0,402
0,415
0,405
0,400
0,399
0,416
0,424
0,423
0,422
0,406
0,384
0,435
0,421
0,434
0,413
0,432
0,430
0,440
0,412
0,396
0,398
0,439
0,404
0,393
0,431
0,438
0,429
0,428
0,395
0,442
0,427
0,414
0,394
0,426
551,47
551,45
551,44
551,43
551,7
551,6
551,5
551,4
415,11
415,28
415,25
415,24
415,21
415,20
415,19
415,18
415,17
415,16
415,8
415,27
415,1
415,26
415,4
415,3
415,0
383,1
383,3
383,0
0,448
0,456
359,1
359,3
359,0
0,452
0,455
551,1
551,3
0,487
551,0
0,466
0,476
0,459
0,488
0,449
0,500
0,499
0,460
0,498
0,491
0,490
0,494
0,503
0,471
0,493
0,480
0,467
